49.460165 4947.130380 1000.000000
22.808310 2497.725171 1000.000000
25.547392 1965.695738 1000.000000
39.632991 4642.220097 1000.000000
37.731510 2487.907214 1000.000000
99.657423 12305.643075 1000.000000
40.819720 3169.931829 1000.000000
77.189399 8587.188450 1000.000000
76.053669 8521.790839 1000.000000
31.000935 1109.873351 1000.000000
34.654120 1207.826496 1000.000000
35.176482 2694.272475 1000.000000
14.546686 1425.481062 1000.000000
97.266468 11825.625925 1000.000000
90.917844 10904.858906 1000.000000
55.995710 3747.642065 1000.000000
31.359075 1846.970317 1000.000000
88.820004 9794.257689 1000.000000
67.457307 9093.029737 1000.000000
39.108745 1733.649134 1000.000000
50.718412 4421.927350 1000.000000
52.410350 5033.583274 1000.000000
92.800093 11391.523186 1000.000000
57.137307 5101.864179 1000.000000
66.833757 6136.364483 1000.000000
5.225869 1831.638470 1000.000000
32.705730 2820.308155 1000.000000
5.640164 1594.280638 1000.000000
17.982769 2659.862759 1000.000000
92.593317 9592.851402 1000.000000
93.801522 10521.956530 1000.000000
71.409271 8064.451260 1000.000000
73.268761 7273.663017 1000.000000
46.174768 3649.716317 1000.000000
93.132927 9748.452067 1000.000000
40.642024 3084.337926 1000.000000
68.320577 6731.547852 1000.000000
64.991587 6300.677887 1000.000000
59.876518 6092.506068 1000.000000
22.203939 2598.024444 1000.000000
